   Frequency   
108.0142 110.0636 351.0519 390.5172 884.7674
941.2064 948.1429 1029.2895 1146.0139 1181.1098
1371.8999 1409.4355 1414.2704 1468.3527 1477.4209
1478.6875 1491.0577 2933.1961 2937.2405 3007.7790
3009.0800 3082.4644 3083.5626 3167.9761 
   Frequency   
108.0142 110.0636 351.0519 390.5172 884.7674
941.2064 948.1429 1029.2895 1146.0139 1181.1098
1371.8999 1409.4355 1414.2704 1468.3527 1477.4209
1478.6875 1491.0577 2933.1961 2937.2405 3007.7790
3009.0800 3082.4644 3083.5626 3167.9761 
Geometry  Frequency
C         1.294138   -0.197180  0.002337   108.0142   110.0636   351.0519   390.5172   884.7674
C         -0.000000  0.532887   -0.041105  941.2064   948.1429   1029.2895  1146.0139  1181.1098
C         -1.294138  -0.197180  0.002337   1371.8999  1409.4355  1414.2704  1468.3527  1477.4209
H         2.139669   0.453710   -0.221196  1478.6875  1491.0577  2933.1961  2937.2405  3007.7790
H         1.309964   -1.030634  -0.708112  3009.0800  3082.4644  3083.5626  3167.9761
H         1.483889   -0.641834  0.991608   Frequency
H         0.000000   1.606355   0.093979   108.0142   110.0636   351.0519   390.5172   884.7674
H         -1.309964  -1.030634  -0.708112  941.2064   948.1429   1029.2895  1146.0139  1181.1098
H         -2.139669  0.453710   -0.221196  1371.8999  1409.4355  1414.2704  1468.3527  1477.4209
H         -1.483889  -0.641835  0.991608   1478.6875  1491.0577  2933.1961  2937.2405  3007.7790
Geometry  3009.0800  3082.4644  3083.5626  3167.9761
C         1.294138   -0.197180  0.002337
C         -0.000000  0.532887   -0.041105
C         -1.294138  -0.197180  0.002337
H         2.139669   0.453710   -0.221196
H         1.309964   -1.030634  -0.708112
H         1.483889   -0.641834  0.991608
H         0.000000   1.606355   0.093979
H         -1.309964  -1.030634  -0.708112
H         -2.139669  0.453710   -0.221196
H         -1.483889  -0.641835  0.991608
